5 10001,027637 50113 50105 0 41,048351 41,041798 0,251037 0,008575 1,257870
10 10001,070511 100196 100174 0 82,071777 82,053757 0,255518 0,014698 2,559873
15 10001,080364 149557 149538 0 122,503860 122,488296 0,262901 0,023286 3,931407
20 10001,081247 200269 200250 0 164,042628 164,027065 0,276388 0,037940 5,534543
25 10001,097946 250765 250721 0 205,404136 205,368095 0,312624 0,073119 7,838752
28 10001,097123 280201 280148 0 229,515479 229,472066 0,388227 0,150349 10,877156
30 10001,085459 300033 299956 0 245,760357 245,697286 0,607520 0,354386 18,224804
31 10001,093487 310385 309446 716 254,239591 253,470447 1,493209 0,909554 46,359957
32 10001,089347 318986 312294 6400 261,284868 255,803379 2,674079 0,653511 84,662465
33 10001,076960 330148 312239 17530 270,428118 255,758645 3,131412 0,325133 100,880189
34 10001,096477 339903 312224 27285 278,418010 255,745859 3,243839 0,208683 106,046129
35 10001,098415 349458 312214 36830 286,244552 255,737618 3,288970 0,166389 109,033822
