5 10001,079112 50978 50975 0 41,756672 41,754214 0,248000 0,000000 1,264088
10 10001,093955 100629 100618 0 82,426260 82,417250 0,248000 0,000001 2,495252
15 10000,769939 152970 152940 0 125,303376 125,278802 0,248000 0,000001 3,793364
20 10001,093413 203466 203427 0 166,661124 166,629179 0,440559 0,197561 8,962359
25 10001,093299 252670 251781 764 206,964637 206,236447 0,987764 0,685578 25,034328
28 10001,087432 280479 274113 6169 229,743414 224,528954 1,460838 0,907133 40,875084
30 10001,096391 300253 286738 13282 245,940293 234,870019 1,766155 0,952928 53,165457
31 10001,099165 308088 288671 19133 252,357951 236,453293 1,874119 0,976896 55,648926
32 10001,097255 321052 293772 26962 262,976943 240,631619 2,058028 0,975941 63,978236
33 10001,099668 326843 295053 31459 267,720345 241,680841 2,115700 0,991104 66,690217
34 10001,097904 343185 300056 42802 281,106289 245,778891 2,316288 0,960813 75,580844
35 10001,086866 351108 301018 49791 287,596416 246,567147 2,378473 0,979182 79,050528
