5 10001,058000 50006 50001 0 40,960582 40,956486 0,248000 0,000000 1,239998
10 10001,058000 100011 100001 0 81,920344 81,912153 0,248000 0,000001 2,479980
15 10001,076667 150017 150001 0 122,880696 122,867590 0,248000 0,000001 3,719962
20 10001,076000 200022 199997 0 163,840393 163,819915 0,248000 0,000001 4,959938
25 10001,098000 250028 249998 0 204,800451 204,775877 0,248000 0,000001 6,199930
28 10001,090286 280031 279996 0 229,376387 229,347718 0,248000 0,000001 6,943913
30 10001,092667 300033 299998 0 245,760180 245,731511 0,248000 0,000001 7,439912
31 10001,096710 310034 309999 0 253,952002 253,923333 0,248000 0,000000 7,687910
32 10001,094750 320035 312287 7402 262,143974 255,797507 3,379434 0,208971 107,443838
33 10001,095697 330036 312253 17403 270,335871 255,769633 3,391588 0,138471 110,826201
34 10001,098235 340038 312243 27404 278,528541 255,761377 3,395400 0,111274 114,184471
35 10001,097428 350039 312233 37405 286,720483 255,753207 3,397127 0,096094 107,286494
