130 9999,000000 162116 16900 7892 132,818709 13,845865 1,000000 0,000000 1,736774
140 10000,000000 174811 18897 8621 143,205171 15,480422 1,000000 0,000000 1,932700
150 9999,000000 187578 20795 9488 153,679266 17,036968 1,000000 0,000000 2,131113
160 10000,000000 199791 22513 10299 163,668787 18,442650 1,000000 0,000000 2,308600
170 10000,000000 211776 24266 11415 173,486899 19,878707 1,000000 0,000000 2,485900
180 10000,000000 224146 26456 12743 183,620403 21,672755 1,000000 0,000000 2,716100
190 10000,000000 236871 28757 14323 194,044723 23,557734 1,000000 0,000000 2,955900
200 10000,000000 249158 31123 16152 204,110234 25,495962 1,000000 0,000000 3,195100
210 10000,000000 262268 33739 18382 214,849946 27,638989 1,000000 0,000000 3,467100
220 10000,000000 275088 36273 21305 225,352090 29,714842 1,000000 0,000000 3,730500
230 10000,000000 287347 38421 24462 235,394662 31,474483 1,000000 0,000000 3,958300
240 10000,000000 299899 41431 28286 245,677261 33,940275 1,000000 0,000000 4,262100
250 10000,000000 312042 43683 32641 255,624806 35,785114 1,000000 0,000000 4,504900
260 10000,000000 324524 46561 37567 265,850061 38,142771 1,000000 0,000000 4,803700
262 10000,000000 327738 47277 38882 268,482970 38,729318 1,000000 0,000000 4,873100
263 10000,000000 327952 47328 39144 268,658278 38,771098 1,000000 0,000000 4,882100
264 10000,000000 329426 48107 39641 269,865779 39,409254 1,000000 0,000000 4,959500
265.1 10000,000000 330836 47752 40359 271,020851 39,118438 1,000000 0,000000 4,926500
265.2 10000,000000 331003 47957 40533 271,157658 39,286374 1,000000 0,000000 4,950900
265.3 10000,000000 331551 48128 40574 271,606579 39,426458 1,000000 0,000000 4,973700
265.4 10000,000000 331594 48034 40808 271,641805 39,349453 1,000000 0,000000 4,957800
265.5 10000,000000 332001 48251 41080 271,975219 39,527219 1,000000 0,000000 4,980100
265.6 10000,000000 331132 47878 40678 271,263334 39,221658 1,000000 0,000000 4,940500
265.7 10000,000000 331182 47897 40582 271,304294 39,237222 1,000000 0,000000 4,949400
265.8 10000,000000 332258 48231 41123 272,185754 39,510835 1,000000 0,000000 4,980200
265.9 10000,000000 332140 48465 40486 272,089088 39,702528 1,000000 0,000000 5,004100
266 10000,000000 332654 48520 40930 272,510157 39,747584 1,000000 0,000000 5,004600
266.2 10000,000000 331577 48228 40782 271,627878 39,508378 1,000000 0,000000 4,975000
266.3 10000,000000 332172 47894 41073 272,115302 39,234765 1,000000 0,000000 4,950500
266.4 10000,000000 332323 48198 41003 272,239002 39,483802 1,000000 0,000000 4,982900
266.5 10000,000000 332908 48408 40972 272,718234 39,655834 1,000000 0,000000 4,999300
265.6 10000,000000 331132 47878 40678 271,263334 39,221658 1,000000 0,000000 4,940500
265.7 10000,000000 331182 47897 40582 271,304294 39,237222 1,000000 0,000000 4,949400
